LRAP = 0.7737594348068688
eval_loss = 0.20935983289801424
